Huelva-Spain	Algeria_Ghardaia_Berber_ID32	Egyptian_Berbers_from_Siwa	Egyptian_Copts_from_Adaima	Egyptian_Muslims_from_Adaima	Moroccan_Berbers_from_Asni	Moroccan_Berbers_from_Bouhria	Morocco_Casablanca_Arab_ID30	Morocco_Agadir_Berber_ID34	Morocco_Casablanca_Berber_ID35	Morocco_Casablanca_Arab_ID412	Spain_Murcia_ID185	Spain_Palma_ID186	Spain_Mao_ID187	Spain_Valencia_ID188	Spain_Barcelona_ID189	Spain_Biscay_ID190	Spain_Cantabria_ID191	Spain_Seville_ID192	Spain_Bilbao_ID193	Spain_Extremadura_ID194	Spain_Madrid_ID195	Spain_Tenerife_ID197	Spain_Palma_ID202	Spain_Palma_Jew_ID203	Spain_Seville_ID424	Spain_Alava_ID425
-0.00000
0.01607	-0.00000
0.00142	0.02546	-0.00000
0.02365	0.06919	0.01391	-0.00000
0.00185	0.00843	0	0.01523	-0.00000
0.00464	0.01342	0.00372	0.01806	0	-0.00000
0	0.02303	0	0.01695	0	0	-0.00000
0.00033	0.00901	0	0.03179	0	0.00275	0.00048	-0.00000
0.00568	0.00905	0.00570	0.02959	0	0.00015	0.00454	0	-0.00000
0.00353	0.00958	0.00931	0.03493	0	0	0.00030	0	0	-0.00000
0.00092	0.02503	0	0.02799	0.00379	0.00601	0	0	0.00243	0.00031	-0.00000
0.00197	0.03437	0.00469	0.02971	0.01185	0.01609	0	0.00794	0.02276	0.01906	0.00714	-0.00000
0	0.03386	0.00133	0.00973	0.00475	0.00823	0	0.00730	0.01074	0.01029	0.00315	0.00334	-0.00000
0.00320	0.03041	0.01205	0.01313	0.00852	0.01027	0.00765	0.01459	0.00914	0.00975	0.01116	0.01827	0.00065	-0.00000
0	0.02775	0.00079	0.00794	0.00119	0.00075	0	0.00525	0.00635	0.00501	0.00284	0.00533	0	0.00036	-0.00000
0	0.02723	0.00019	0.01246	0.00360	0.00625	0.00174	0.00449	0.01064	0.01030	0.00467	0.00764	0	0.00160	0	-0.00000
0.00043	0.02401	0	0.02153	0.00503	0.01138	0.00406	0.00151	0.01854	0.01808	0.00813	0.00259	0.00302	0.01081	0.00329	0	-0.00000
0	0.02737	0	0.02212	0.00358	0.00798	0	0	0.00783	0.00635	0	0.00084	0	0.00959	0.00064	0.00201	0.00170	-0.00000
0.00195	0.03798	0.01134	0.01870	0.01284	0.01052	0.00122	0.01384	0.01272	0.00759	0.00551	0.00951	0	0.00128	0	0.00344	0.01166	0.00460	-0.00000
0	0.02482	0.00495	0.02109	0.00733	0.01051	0.00130	0.00729	0.01547	0.01331	0.00707	0.00243	0	0.00376	0.00034	0.00017	0.00001	0.00234	0.00333	-0.00000
0	0.02074	0.00012	0.02200	0.00086	0.00004	0	0.00006	0.00616	0.00203	0.00056	0.00182	0.00227	0.01137	0	0.00371	0.00392	0	0.00553	0.00362	-0.00000
0	0.02275	0.00265	0.02341	0.00551	0.00850	0	0.00302	0.00970	0.00735	0.00228	0.00288	0	0.00431	0.00009	0.00033	0.00117	0	0.00240	0	0.00167	-0.00000
0	0.01845	0.00170	0.02821	0.00377	0.00705	0	0	0.00737	0.00429	0.00061	0.00181	0.00134	0.00807	0.00158	0.00236	0.00165	0	0.00453	0.00069	0	0	-0.00000
0.00001	0.03595	0.00525	0.01034	0.00744	0.00826	0	0.01015	0.01100	0.00895	0.00461	0.00698	0	0	0	0	0.00598	0.00203	0	0.00039	0.00390	0.00046	0.00281	-0.00000
0.00794	0.02253	0.00158	0.02046	0	0	0	0.00155	0.00158	0.00241	0.00547	0.01236	0.01002	0.01842	0.00490	0.01191	0.01352	0.00547	0.01566	0.01500	0.00111	0.01148	0.00797	0.01190	-0.00000
0.01420	0.01017	0.01204	0.06707	0.01034	0.01328	0.00846	0.00135	0.01508	0.01106	0.01217	0.01372	0.02859	0.04421	0.02465	0.02773	0.01888	0.01307	0.03496	0.02393	0.00776	0.01919	0.01108	0.03348	0.00867	-0.00000
0.00143	0.02753	0	0.01955	0.00204	0.00795	0.00153	0	0.00982	0.01101	0.00037	0.00519	0.00210	0.01198	0.00248	0.00043	0	0	0.01023	0.00430	0.00208	0.00205	0.00168	0.00542	0.00787	0.01567	-0.00000
