Huelva-Spain	Algeria_Ghardaia_Berber_ID32	Egyptian_Berbers_from_Siwa	Egyptian_Copts_from_Adaima	Egyptian_Muslims_from_Adaima	Moroccan_Berbers_from_Asni	Moroccan_Berbers_from_Bouhria	Morocco_Casablanca_Arab_ID30	Morocco_Agadir_Berber_ID34	Morocco_Casablanca_Berber_ID35	Morocco_Casablanca_Arab_ID412	Spain_Barcelona_ID189	Spain_Biscay_ID190	Spain_Seville_ID192	Spain_Bilbao_ID193	Spain_Extremadura_ID194	Spain_Madrid_ID195	Spain_Seville_ID424	Spain_Alava_ID425
-0.00000
0.00477	-0.00000
0.03047	0.04117	-0.00000
0.00495	0.01262	0.02289	-0.00000
0.02101	0.01732	0.00451	0.00421	-0.00000
0.01565	0.02623	0	0.01146	0.00457	-0.00000
0.00400	0.00421	0.01535	0	0.00450	0.00096	-0.00000
0.01807	0.01242	0.00455	0.01291	0.00130	0	0	-0.00000
0.01850	0.02924	0.01693	0.01142	0.01470	0.00043	0	0.00437	-0.00000
0.00192	0.00761	0.01568	0	0.00555	0.00140	0	0.00187	0	-0.00000
0.01043	0.00156	0.02146	0.01424	0.00940	0.00842	0	0.00015	0.00795	0.00001	-0.00000
0.00626	0.02707	0.07191	0.02472	0.05995	0.05057	0.03126	0.05767	0.04923	0.02593	0.04188	-0.00000
0.00628	0.02050	0.07356	0.01859	0.05354	0.04529	0.01843	0.04658	0.02940	0.01433	0.02899	0.00335	-0.00000
0	0.01089	0.03397	0.00785	0.02500	0.02186	0.01209	0.02686	0.02902	0.00859	0.01940	0.00528	0.01087	-0.00000
0.00468	0.02245	0.06906	0.02387	0.05649	0.04560	0.02534	0.05051	0.03974	0.01997	0.03370	0	0	0.00617	-0.00000
0.01133	0.03813	0.08137	0.02913	0.07020	0.05547	0.03481	0.06521	0.04652	0.02817	0.04853	0	0.00020	0.01172	0	-0.00000
0	0.01526	0.04226	0.01228	0.03403	0.02637	0.01484	0.03261	0.02863	0.01002	0.02249	0.00211	0.00553	0	0.00196	0.00570	-0.00000
0	0.02219	0.02719	0.00244	0.02501	0.01703	0.01233	0.02929	0.02769	0.01004	0.02837	0.00522	0.01453	0	0.00886	0.01038	0	-0.00000
0.00136	0.00371	0.05175	0.00767	0.03294	0.03189	0.00768	0.02828	0.02985	0.01045	0.01790	0.00830	0.00395	0.00518	0.00693	0.01292	0.00584	0.00657	-0.00000
