Huelva-Spain	Algeria_Ghardaia_Berber_ID32	Morocco_Casablanca_Arab_ID30	Morocco_Agadir_Berber_ID34	Morocco_Casablanca_Berber_ID35	Morocco_Casablanca_Arab_ID412	Spain_Barcelona_ID189	Spain_Biscay_ID190	Spain_Seville_ID192	Spain_Bilbao_ID193	Spain_Extremadura_ID194	Spain_Madrid_ID195	Spain_Seville_ID424	Spain_Alava_ID425	Egyptian_Muslims_from_Adaima	Moroccan_Berbers_from_Asni	Moroccan_Berbers_from_Bouhria
-0.00000
0	-0.00000
0.01263	0	-0.00000
0	0	0	-0.00000
0.00887	0	0.00860	0	-0.00000
0.00419	0	0.01782	0	0	-0.00000
0	0.00575	0.02503	0.00612	0.01532	0.00877	-0.00000
0.00269	0.00159	0.00050	0	0.01519	0.01700	0.00885	-0.00000
0	0	0.01168	0	0.00683	0.00605	0.00008	0.00298	-0.00000
0	0	0.01141	0	0.00618	0.00506	0.00017	0.00293	0	-0.00000
0.00119	0.00228	0.01634	0.00460	0.01314	0.01173	0	0.00244	0	0	-0.00000
0.00311	0.00440	0.01541	0.00605	0.01718	0.01641	0.00213	0.00149	0.00043	0.00100	0	-0.00000
0	0	0.00434	0	0.00030	0.00136	0	0	0	0	0	0	-0.00000
0.01684	0.00718	0.00478	0.00342	0.01259	0.01600	0.02983	0.00815	0.02125	0.01928	0.02413	0.02526	0.00788	-0.00000
0	0	0	0	0	0.00069	0.00959	0.00126	0.00306	0.00198	0.00941	0.01083	0	0.00323	-0.00000
0.00012	0	0	0	0	0.00003	0.00900	0.00213	0.00060	0.00024	0.00714	0.00870	0	0.00737	0	-0.00000
0.00647	0.00461	0.03329	0.00926	0.00495	0.00008	0.00324	0.02327	0.00590	0.00514	0.00622	0.01225	0.00052	0.02742	0.01299	0.01147	-0.00000
