Huelva-Spain	Algeria_Ghardaia_Berber_ID32	Egyptian_Berbers_from_Siwa	Egyptian_Copts_from_Adaima	Egyptian_Muslims_from_Adaima	Moroccan_Berbers_from_Asni	Moroccan_Berbers_from_Bouhria	Morocco_Casablanca_Arab_ID30	Morocco_Agadir_Berber_ID34	Morocco_Casablanca_Berber_ID35	Morocco_Casablanca_Arab_ID412	Spain_Murcia_ID185	Spain_Palma_ID186	Spain_Mao_ID187	Spain_Valencia_ID188	Spain_Barcelona_ID189	Spain_Biscay_ID190	Spain_Cantabria_ID191	Spain_Seville_ID192	Spain_Bilbao_ID193	Spain_Extremadura_ID194	Spain_Madrid_ID195	Spain_Tenerife_ID197	Spain_Palma_ID202	Spain_Palma_Jew_ID203	Spain_Seville_ID424
-0.00000
0.00568	-0.00000
0.01384	0	-0.00000
0	0.01043	0.01888	-0.00000
0.00378	0.00460	0.00767	0	-0.00000
0.00592	0	0	0.00730	0	-0.00000
0.01783	0.00654	0	0.01549	0.00251	0.00017	-0.00000
0.01488	0	0.00093	0.02647	0.02368	0.00486	0.02494	-0.00000
0.01793	0.00060	0	0.02746	0.01900	0.00307	0.00725	0	-0.00000
0.00867	0	0	0.01326	0.00484	0	0.00255	0	0	-0.00000
0.00690	0	0	0.00834	0.00196	0	0.00528	0.00364	0.00303	0	-0.00000
0.00046	0.00956	0.01277	0.00208	0.00702	0.01043	0.01956	0.01020	0.01099	0.00526	0.00697	-0.00000
0.00681	0.01307	0.00992	0.01112	0.01362	0.01410	0.01357	0.01344	0.00511	0.00539	0.01150	0.00006	-0.00000
0.00360	0.00272	0.00112	0.00236	0	0.00007	0	0.01508	0.00589	0.00020	0.00160	0.00341	0.00183	-0.00000
0.00095	0.00242	0.00254	0.00294	0.00287	0.00232	0.00775	0.00608	0.00265	0	0.00094	0	0	0	-0.00000
0.00306	0.00350	0.00632	0.00552	0.00652	0.00508	0.01556	0.00476	0.00577	0.00013	0.00240	0	0.00228	0.00262	0	-0.00000
0.00948	0	0.00741	0.01841	0.01924	0.00574	0.03036	0	0.00590	0	0.00397	0.00677	0.01545	0.01574	0.00580	0.00292	-0.00000
0.00667	0.00648	0.00531	0.01092	0.01096	0.00820	0.01475	0.00420	0.00152	0	0.00479	0	0	0.00297	0	0	0.00524	-0.00000
0	0.00358	0.00901	0	0.00209	0.00393	0.01429	0.01041	0.01182	0.00353	0.00284	0	0.00414	0.00120	0	0	0.00628	0.00170	-0.00000
0.01182	0.00882	0.00922	0.02088	0.02247	0.01337	0.02662	0	0.00229	0.00173	0.00891	0.00275	0.00452	0.01213	0.00228	0.00162	0.00132	0	0.00682	-0.00000
0.00408	0.00294	0.00195	0.00535	0.00327	0.00245	0.00694	0.00678	0.00241	0	0.00079	0	0.00013	0	0	0	0.00709	0	0	0.00341	-0.00000
0.00585	0.00317	0.00292	0.01090	0.01022	0.00498	0.01335	0.00197	0.00054	0	0.00288	0.00028	0.00123	0.00311	0	0	0.00320	0	0.00194	0.00040	0	-0.00000
0.00484	0	0.00139	0.01020	0.00924	0.00228	0.01316	0.00024	0.00049	0	0.00138	0.00134	0.00292	0.00298	0	0	0.00098	0	0.00137	0.00113	0	0	-0.00000
0.01101	0.01709	0.00999	0.01280	0.01213	0.01514	0.00811	0.02049	0.00680	0.00741	0.01311	0.00392	0	0.00078	0.00041	0.00609	0.02385	0.00205	0.00755	0.01041	0.00143	0.00457	0.00718	-0.00000
0.01543	0.00225	0.00150	0.02483	0.02099	0.00762	0.02097	0	0	0	0.00612	0.00854	0.00842	0.01219	0.00448	0.00478	0	0.00237	0.01061	0.00035	0.00526	0.00135	0.00053	0.01387	-0.00000
0.01303	0.02051	0.04278	0.02098	0.03639	0.03208	0.06647	0.01950	0.04130	0.02955	0.02927	0.01530	0.02974	0.03557	0.02251	0.01658	0.00851	0.02307	0.01519	0.01929	0.02663	0.02224	0.01776	0.04424	0.02459	-0.00000
